          A          R          N          D          C          Q          E          G          H          I          L          K          M          F          P          S          T          W          Y          V          B          Z          X          *
   3.617114  -2.349062  -1.876390  -2.547508  -1.305055  -1.067460  -1.595648  -0.220313  -1.320590  -0.505527  -1.958769  -0.611000  -2.095719  -2.162128  -1.345052   0.876823   2.041130  -5.367481  -2.863349  -0.313365  -2.000000  -1.000000  -1.000000  -5.446015
  -2.349062   7.608209  -2.884502  -3.501390  -3.873438   0.835113   0.849397  -4.961975  -0.831953  -3.510980  -1.437378   3.341534  -2.400684  -3.710968  -1.272152  -3.213156  -0.570399  -3.464746  -2.203247  -2.767505  -1.000000   0.000000  -1.000000  -3.593364
  -1.876390  -2.884502   8.619154   1.596391  -3.437232   0.184626  -1.528551  -2.546366  -0.202529  -2.665706  -5.585929   1.155522  -2.893750  -5.921231  -0.771564   0.932936   0.837688  -6.308980  -3.589981  -1.011119   4.000000   0.000000  -1.000000  -3.886991
  -2.547508  -3.501390   1.596391   7.290129  -4.740625   1.562898   3.016368  -1.083445  -3.709700  -6.312369  -5.609930  -2.795415  -3.805576  -5.165303  -0.732342  -0.186155  -0.338860  -5.000000  -5.781511  -5.359537   5.000000   1.000000  -1.000000  -3.994824
  -1.305055  -3.873438  -3.437232  -4.740625  13.061373  -1.110059  -2.465947  -2.033940  -2.900000  -2.885213  -0.873212  -0.287047  -2.242188  -3.275064  -4.618750  -2.093193  -1.172162  -5.100000  -3.164384  -0.149312  -3.000000  -3.000000  -2.000000  -5.574749
  -1.067460   0.835113   0.184626   1.562898  -1.110059   7.279393   3.206678  -2.331982   1.230555  -2.665470  -4.351876   1.930402  -0.502246  -3.374121  -3.085977  -3.436166   0.637787   1.350000  -1.009387  -2.584244   0.000000   4.000000  -1.000000  -5.324812
  -1.595648   0.849397  -1.528551   3.016368  -2.465947   3.206678   5.776250  -0.907514   0.376002  -4.181772  -2.655195  -0.482901  -2.032794  -3.272628  -0.193513  -0.627628  -1.013245  -3.732509  -3.782813  -3.095604   1.000000   5.000000  -1.025000  -5.583517
  -0.220313  -4.961975  -2.546366  -1.083445  -2.033940  -2.331982  -0.907514   7.772791  -4.481608  -5.565040  -3.106084  -3.475682  -4.552065  -3.738818  -4.438014   0.519582  -2.933499  -3.298437  -2.207397  -4.305341  -1.000000  -2.000000  -2.000000  -3.974364
  -1.320590  -0.831953  -0.202529  -3.709700  -2.900000   1.230555   0.376002  -4.481608   7.576726  -2.727246  -1.562646  -0.032626  -0.983496  -0.964864  -1.675693  -1.574249  -2.285938  -3.582491   2.420439  -3.242509   0.000000   0.000000  -1.000000  -8.439805
  -0.505527  -3.510980  -2.665706  -6.312369  -2.885213  -2.665470  -4.181772  -5.565040  -2.727246   6.231973   1.692246  -1.561814   1.102430  -0.395677  -4.018580  -4.293126  -1.879975  -3.342188  -1.094773   4.036800  -4.000000  -3.000000  -1.000000  -8.537220
  -1.958769  -1.437378  -5.585929  -5.609930  -0.873212  -4.351876  -2.655195  -3.106084  -1.562646   1.692246   3.800675  -4.875186   3.281486   0.461257  -5.333365  -2.459189  -0.258175  -2.016837  -1.796077   1.052478  -4.000000  -3.000000  -1.100000  -6.206118
  -0.611000   3.341534   1.155522  -2.795415  -0.287047   1.930402  -0.482901  -3.475682  -0.032626  -1.561814  -4.875186   3.902530  -2.158985  -3.450392  -1.869446  -2.432120   0.480004  -3.788443  -1.877724  -3.784114   0.000000   1.000000  -0.600000  -4.321923
  -2.095719  -2.400684  -2.893750  -3.805576  -2.242188  -0.502246  -2.032794  -4.552065  -0.983496   1.102430   3.281486  -2.158985   5.408050   1.793219  -2.691182  -2.120199  -1.327428   0.324478  -0.748564   1.143272  -3.000000  -1.000000  -1.400000  -5.491660
  -2.162128  -3.710968  -5.921231  -5.165303  -3.275064  -3.374121  -3.272628  -3.738818  -0.964864  -0.395677   0.461257  -3.450392   1.793219   7.828826  -4.674121  -3.121066  -3.088693   0.860289   4.859570  -1.813187  -4.000000  -4.000000  -2.100000  -5.162302
  -1.345052  -1.272152  -0.771564  -0.732342  -4.618750  -3.085977  -0.193513  -4.438014  -1.675693  -4.018580  -5.333365  -1.869446  -2.691182  -4.674121   8.787069  -0.187773  -1.275898  -4.084375  -3.015625  -3.946744  -2.000000  -1.000000  -2.000000  -7.663429
   0.876823  -3.213156   0.932936  -0.186155  -2.093193  -3.436166  -0.627628   0.519582  -1.574249  -4.293126  -2.459189  -2.432120  -2.120199  -3.121066  -0.187773   4.577039   1.320157  -4.658496  -2.711646  -3.040582   0.000000   0.000000  -1.000000  -3.893618
   2.041130  -0.570399   0.837688  -0.338860  -1.172162   0.637787  -1.013245  -2.933499  -2.285938  -1.879975  -0.258175   0.480004  -1.327428  -3.088693  -1.275898   1.320157   4.815249  -3.278964  -2.206984   0.697895   0.000000  -1.000000   0.000000  -3.924913
  -5.367481  -3.464746  -6.308980  -5.000000  -5.100000   1.350000  -3.732509  -3.298437  -3.582491  -3.342188  -2.016837  -3.788443   0.324478   0.860289  -4.084375  -4.658496  -3.278964  12.157836   1.191503  -2.048914  -5.000000  -2.000000  -3.000000  -4.160714
  -2.863349  -2.203247  -3.589981  -5.781511  -3.164384  -1.009387  -3.782813  -2.207397   2.420439  -1.094773  -1.796077  -1.877724  -0.748564   4.859570  -3.015625  -2.711646  -2.206984   1.191503   5.994463  -1.602707  -3.000000  -2.000000  -1.000000  -5.689808
  -0.313365  -2.767505  -1.011119  -5.359537  -0.149312  -2.584244  -3.095604  -4.305341  -3.242509   4.036800   1.052478  -3.784114   1.143272  -1.813187  -3.946744  -3.040582   0.697895  -2.048914  -1.602707   6.105327  -4.000000  -3.000000  -2.617188  -3.391104
  -2.000000  -1.000000   4.000000   5.000000  -3.000000   0.000000   1.000000  -1.000000   0.000000  -4.000000  -4.000000   0.000000  -3.000000  -4.000000  -2.000000   0.000000   0.000000  -5.000000  -3.000000  -4.000000   5.000000   2.000000  -1.000000  -5.000000
  -1.000000   0.000000   0.000000   1.000000  -3.000000   4.000000   5.000000  -2.000000   0.000000  -3.000000  -3.000000   1.000000  -1.000000  -4.000000  -1.000000   0.000000  -1.000000  -2.000000  -2.000000  -3.000000   2.000000   5.000000  -1.000000  -5.000000
  -1.000000  -1.000000  -1.000000  -1.000000  -2.000000  -1.000000  -1.025000  -2.000000  -1.000000  -1.000000  -1.100000  -0.600000  -1.400000  -2.100000  -2.000000  -1.000000   0.000000  -3.000000  -1.000000  -2.617188  -1.000000  -1.000000  -1.000000  -5.000000
  -5.446015  -3.593364  -3.886991  -3.994824  -5.574749  -5.324812  -5.583517  -3.974364  -8.439805  -8.537220  -6.206118  -4.321923  -5.491660  -5.162302  -7.663429  -3.893618  -3.924913  -4.160714  -5.689808  -3.391104  -5.000000  -5.000000  -5.000000   1.000000
