          A          R          N          D          C          Q          E          G          H          I          L          K          M          F          P          S          T          W          Y          V          B          Z          X          *
  -1.978902  -0.533508  -0.734497  -7.621206  -6.777177   2.766441  -6.408957   0.643439  -9.719361  -3.418613  -2.280960   1.985728   1.065335  -5.839467  -1.938823  -9.780733   4.994240  -0.428882   0.957423  -3.784037  -1.000000   8.000000  -2.625611   3.524945
  -0.533508  -0.358834  -1.957718  -5.698120  -5.031861   0.733577   0.104103   0.359643  -4.647900  -0.005603  -3.424341  -7.138984 -10.000000   2.433072  -8.000000   0.879145  -6.753055   0.352632   1.162063  -0.862435   0.000000   6.000000  -7.000000   1.826945
  -0.734497  -1.957718  -9.021335  -6.372148   4.511201   0.123152   0.879109  -6.458741  -6.688722  -8.375000   1.966721   4.629690  -2.694197  -1.684363   3.627921  -1.669615  -1.927913  -7.375000  -1.922206  -4.134522   1.000000   0.000000   6.250000  -6.264766
  -7.621206  -5.698120  -6.372148   3.105909   1.990901  -2.410224  -1.209659  -7.604981 -11.031250   1.676545  -7.488769   0.801896   2.433512   1.113800   4.146642 -10.155639   3.071049  -4.449342   5.036817   2.654271  -2.000000   3.000000   1.873778  -5.860831
  -6.777177  -5.031861   4.511201   1.990901  -2.000000  -1.312594   0.760009   1.115805  -2.936372  -0.578336  -3.080606  -5.668092   8.915940  -1.007660  -4.477537   1.525500  -3.969361   6.708224  -0.093139   2.204667   8.000000   1.000000   2.500000   4.953598
   2.766441   0.733577   0.123152  -2.410224  -1.312594  -4.547806  -0.015050   1.744780   0.218607  -2.382637  -4.191682   1.683092   2.338440  -4.241729  -9.375000  -5.623261   3.500064  -2.491213  -7.945771   1.234857   2.000000   4.000000  -0.750000 -10.435990
  -6.408957   0.104103   0.879109  -1.209659   0.760009  -0.015050 -10.309117   4.047515   5.783363  -0.541338  -2.767317  -5.549609   1.199372   0.420664  -0.782863   2.734534  -7.448731  -1.050309  -1.364077  -3.322632  -8.000000   5.000000   0.937500 -13.922241
   0.643439   0.359643  -6.458741  -7.604981   1.115805   1.744780   4.047515  -0.779354  -5.557816  -7.859492 -10.261842  -5.609038  -5.769502   4.089985  -1.472913  -8.489741   2.556522 -10.375000   2.236655  -4.711161   8.000000  -5.000000   4.747323 -11.585262
  -9.719361  -4.647900  -6.688722 -11.031250  -2.936372   0.218607   5.783363  -5.557816  -1.904701  -2.749871  -3.764192  -7.718750  -3.000000  -5.797791  -0.391940   0.789754  -2.356814  -6.718750   0.739380  -4.389192   1.000000   1.000000   1.000000  -6.504849
  -3.418613  -0.005603  -8.375000   1.676545  -0.578336  -2.382637  -0.541338  -7.859492  -2.749871   2.615670   4.611599   0.442552  -0.810978  -5.435667   2.032343  -9.781250  -5.498778  -8.250000  -0.258708  -2.345755  -7.000000  -4.000000  -3.656250 -12.663720
  -2.280960  -3.424341   1.966721  -7.488769  -3.080606  -4.191682  -2.767317 -10.261842  -3.764192   4.611599   1.763809  -7.915132  -0.780676   0.964274  -8.156250  -0.860733  -0.214510  -0.851450  -1.676560  -2.857704  -9.000000  -4.000000   0.000000 -13.090414
   1.985728  -7.138984   4.629690   0.801896  -5.668092   1.683092  -5.549609  -5.609038  -7.718750   0.442552  -7.915132  -2.660172  -9.750000  -0.530997  -6.917481  -5.688721   1.766967   5.549214  -8.375000   2.731415   9.000000  -5.000000   2.895019   4.953028
   1.065335 -10.000000  -2.694197   2.433512   8.915940   2.338440   1.199372  -5.769502  -3.000000  -0.810978  -0.780676  -9.750000   3.848434  -1.718750  -3.969361   4.992776   2.327914  -7.000000  -1.794861  -3.918092  -5.000000  -7.000000  -1.000000  -7.728631
  -5.839467   2.433072  -1.684363   1.113800  -1.007660  -4.241729   0.420664   4.089985  -5.797791  -5.435667   0.964274  -0.530997  -1.718750  -2.880121  -0.988625  -3.704325  -1.729981   2.770244  -5.718750   3.704010  -5.000000   7.000000   0.343750  -9.847083
  -1.938823  -8.000000   3.627921   4.146642  -4.477537  -9.375000  -0.782863  -1.472913  -0.391940   2.032343  -8.156250  -6.917481  -3.969361  -0.988625  -2.829855  -5.598573   3.431347  -1.500000  -0.841837  -1.027661   7.000000  -3.000000   0.375000 -11.111812
  -9.780733   0.879145  -1.669615 -10.155639   1.525500  -5.623261   2.734534  -8.489741   0.789754  -9.781250  -0.860733  -5.688721   4.992776  -3.704325  -5.598573   0.375027  -8.687500   1.656146  -5.562500   3.259340   6.000000   4.000000  -5.375000   3.457883
   4.994240  -6.753055  -1.927913   3.071049  -3.969361   3.500064  -7.448731   2.556522  -2.356814  -5.498778  -0.214510   1.766967   2.327914  -1.729981   3.431347  -8.687500  -6.402830  -1.875000   0.108085  -8.553713  -6.000000  -8.000000  -6.000000  -5.076017
  -0.428882   0.352632  -7.375000  -4.449342   6.708224  -2.491213  -1.050309 -10.375000  -6.718750  -8.250000  -0.851450   5.549214  -7.000000   2.770244  -1.500000   1.656146  -1.875000   3.325376  -3.344361  -2.342434  -6.000000   4.000000  -7.000000   7.858385
   0.957423   1.162063  -1.922206   5.036817  -0.093139  -7.945771  -1.364077   2.236655   0.739380  -0.258708  -1.676560  -8.375000  -1.794861  -5.718750  -0.841837  -5.562500   0.108085  -3.344361  -2.544831  -4.431077  -9.000000   0.000000   4.875000   1.050521
  -3.784037  -0.862435  -4.134522   2.654271   2.204667   1.234857  -3.322632  -4.711161  -4.389192  -2.345755  -2.857704   2.731415  -3.918092   3.704010  -1.027661   3.259340  -8.553713  -2.342434  -4.431077   2.574833   9.000000   6.000000   1.566777 -14.153091
  -1.000000   0.000000   1.000000  -2.000000   8.000000   2.000000  -8.000000   8.000000   1.000000  -7.000000  -9.000000   9.000000  -5.000000  -5.000000   7.000000   6.000000  -6.000000  -6.000000  -9.000000   9.000000  -7.000000  -8.000000   7.000000  -7.000000
   8.000000   6.000000   0.000000   3.000000   1.000000   4.000000   5.000000  -5.000000   1.000000  -4.000000  -4.000000  -5.000000  -7.000000   7.000000  -3.000000   4.000000  -8.000000   4.000000   0.000000   6.000000  -8.000000   4.000000   1.000000  -8.000000
  -2.625611  -7.000000   6.250000   1.873778   2.500000  -0.750000   0.937500   4.747323   1.000000  -3.656250   0.000000   2.895019  -1.000000   0.343750   0.375000  -5.375000  -6.000000  -7.000000   4.875000   1.566777   7.000000   1.000000   8.000000  -4.000000
   3.524945   1.826945  -6.264766  -5.860831   4.953598 -10.435990 -13.922241 -11.585262  -6.504849 -12.663720 -13.090414   4.953028  -7.728631  -9.847083 -11.111812   3.457883  -5.076017   7.858385   1.050521 -14.153091  -7.000000  -8.000000  -4.000000   5.000000
